Question 1 A:
[[-1, -1, 1, 1, 1, 1, 1, 1, -1, -1], [-1, -1, 1, 1, 1, 1, 1, 1, 1, -1], [-1, -1, -1, -1, -1, -1, 1, 1, 1, -1], [-1, -1, -1, -1, -1, -1, 1, 1, 1, -1], [-1, -1, -1, -1, -1, -1, 1, 1, 1, -1], [-1, -1, -1, -1, -1, -1, 1, 1, 1, -1], [-1, -1, -1, -1, -1, -1, 1, 1, 1, -1], [-1, -1, 1, 1, 1, 1, 1, 1, -1, -1], [-1, -1, 1, 1, 1, 1, 1, 1, -1, -1], [-1, -1, -1, -1, -1, -1, 1, 1, 1, -1], [-1, -1, -1, -1, -1, -1, 1, 1, 1, -1], [-1, -1, -1, -1, -1, -1, 1, 1, 1, -1], [-1, -1, -1, -1, -1, -1, 1, 1, 1, -1], [-1, -1, -1, -1, -1, -1, 1, 1, 1, -1], [-1, -1, 1, 1, 1, 1, 1, 1, 1, -1], [-1, -1, 1, 1, 1, 1, 1, 1, -1, -1]] 

Question 1 B:
4
_____________
Question 2 A:
[[1, 1, -1, -1, -1, -1, -1, -1, 1, 1], [1, 1, -1, -1, -1, -1, -1, -1, 1, 1], [1, 1, 1, 1, 1, -1, -1, -1, 1, 1], [1, 1, 1, 1, 1, -1, -1, -1, 1, 1], [1, 1, 1, 1, 1, -1, -1, -1, 1, 1], [1, 1, 1, 1, 1, -1, -1, -1, 1, 1], [1, 1, 1, 1, 1, -1, -1, -1, 1, 1], [1, 1, -1, -1, -1, -1, -1, -1, 1, 1], [1, 1, -1, -1, -1, -1, -1, -1, 1, 1], [1, 1, 1, 1, 1, 1, -1, 1, 1, 1], [1, 1, 1, 1, 1, 1, -1, 1, 1, 1], [1, 1, 1, 1, 1, 1, -1, 1, 1, 1], [1, 1, 1, 1, 1, 1, -1, 1, 1, 1], [1, 1, 1, 1, 1, 1, -1, 1, 1, 1], [1, 1, -1, -1, -1, -1, -1, -1, 1, 1], [1, 1, -1, -1, -1, -1, -1, -1, 1, 1]] 

Question 2 B:
6
_____________
Question 3 A:
[[-1, -1, -1, -1, -1, -1, -1, -1, 1, 1], [-1, -1, -1, -1, -1, -1, -1, -1, 1, 1], [1, 1, 1, 1, 1, -1, -1, -1, 1, 1], [1, 1, 1, 1, 1, -1, -1, -1, 1, 1], [1, 1, 1, 1, 1, -1, -1, -1, 1, 1], [1, 1, 1, 1, 1, -1, -1, -1, 1, 1], [1, 1, 1, 1, 1, -1, -1, -1, 1, 1], [-1, -1, -1, -1, -1, -1, -1, -1, 1, 1], [-1, -1, -1, -1, -1, -1, -1, -1, 1, 1], [-1, -1, -1, 1, 1, 1, 1, 1, 1, 1], [-1, -1, -1, 1, 1, 1, 1, 1, 1, 1], [-1, -1, -1, 1, 1, 1, 1, 1, 1, 1], [-1, -1, -1, 1, 1, 1, 1, 1, 1, 1], [-1, -1, -1, 1, 1, 1, 1, 1, 1, 1], [-1, -1, -1, -1, -1, -1, -1, -1, 1, 1], [-1, -1, -1, -1, -1, -1, -1, -1, 1, 1]] 

Question 3 B:
-3
_____________